
//["Land_MilOffices_V1_F"], StratBuild compatible.
    _GrdsExt  = 
    [[[6.34375,-6.38184,-3.43504],180.222],
    [[11.0781,-6.55176,-3.63045],181.78],
    [[1.88867,-6.71973,-3.21465],179.979],
    [[18.0332,-2.05469,-3.31355],89.9532],
    [[18.252,8.58789,-3.18384],93.4006],
    [[-17.3438,-7.86035,-3.07553],-59.646],
    [[-18.9785,-6.19043,-3.05331],129.325],
    [[-8.16992,-9.10938,-3.25638],-30.7278],
    [[-9.29297,-6.56348,-3.08929],181.136],
    [[-10.625,-8.66016,-3.11312],31.1749],
    [[-7.57227,-6.8584,-3.15695],201.221],
    [[-11.0527,-6.55664,-3.09528],130.72],
    [[16.6699,-6.61035,-3.68104],181.78],
    [[-12.123,12.042,-2.84092],0.202347],
    [[-20.0547,0.00585938,-3.03192],30.8928],
    [[-20.1641,2.15234,-3.02937],122.527],
    [[-18.1504,-0.254883,-3.03387],-47.953],
    [[-18.1055,1.91895,-3.02851],-129.933]];
    _GrdsInt  = 
    [[[9.02344,3.6709,-2.78564],171.45],
    [[6.93164,3.67285,-2.78564],172.731],
    [[5.69727,-1.14648,-2.78564],-93.9476],
    [[5.83398,-5.32129,-2.78564],-85.3076],
    [[11.2285,-3.03613,-2.78564],83.7094],
    [[-13.8242,3.74219,-2.78564],-105.794],
    [[-13.8105,2.17188,-2.78564],-72.8587]];
    
    _Supplies = 
    [[[-16.3047,-4.90527,-2.78708],-0.0416412],
    [[-16.3145,-3.2666,-2.78708],-0.0416412],
    [[-16.3203,-1.64648,-2.78708],-0.0416412],
    [[-14.6973,-4.91699,-2.78708],-0.0416412],
    [[-14.6797,-3.38379,-2.78708],-0.0416412],
    [[-14.6816,-1.80957,-2.78708],-0.0416412]];	
    _Furn     = 
    [[[-5.57813,7.12598,-2.78708],-0.927505,"Land_OfficeChair_01_F"],
    [[-7.60352,7.19629,-2.78708],-0.927505,"Land_OfficeChair_01_F"],
    [[3.75977,7.17871,-2.78708],-0.927505,"Land_OfficeChair_01_F"],
    [[-8.81836,-4.84668,-2.78395],89.6137,"Land_OfficeChair_01_F"],
    [[-0.302734,-1.75,-2.78708],179.462,"Land_OfficeChair_01_F"],
    [[-2.21484,-1.70996,-2.78708],181.141,"Land_OfficeChair_01_F"],
    [[-11.502,-4.72461,-2.78046],0.280533,"Land_OfficeChair_01_F"],
    [[1.17773,7.05273,-2.78708],-0.927505,"Land_OfficeChair_01_F"]];
    
    _Props    = 
    [[[9.82227,-0.399414,-2.78708],-0.903732,"Land_Metal_rack_Tall_F"],
    [[7.17969,-1.46094,-2.78708],90.5291,"Land_Metal_rack_F"],
    [[7.55859,-2.6875,-2.78708],180.987,"Land_Metal_rack_Tall_F"],
    [[7.49023,-0.430664,-2.7861],-1.91693,"Land_Metal_rack_Tall_F"],
    [[8.58398,-2.70801,-2.78708],179.855,"Land_Metal_rack_Tall_F"],
    [[9.66602,-2.70313,-2.78708],179.962,"Land_Metal_rack_Tall_F"],
    [[8.70508,-0.396484,-2.78708],1.28421,"Land_Metal_rack_Tall_F"],
    [[-13.9688,4.68359,-2.78708],-47.6388,"Land_CampingChair_V2_white_F"],
    [[-16.8359,-0.0371094,-2.78708],-90.2428,"Land_CampingChair_V2_white_F"],
    [[-16.8125,0.569336,-2.78708],-90.2428,"Land_CampingChair_V2_white_F"],
    [[-16.2109,0.583984,-2.78708],-90.2428,"Land_CampingChair_V2_white_F"],
    [[-16.1738,0.000976563,-2.78708],-90.2428,"Land_CampingChair_V2_white_F"],
    [[12.2676,4.84473,-2.78708],-156.498,"Land_CratesPlastic_F"],
    [[11.2598,4.72363,-2.78708],90.072,"Land_CratesShabby_F"],
    [[-5.61914,6.43262,-2.78708],-0.363419,"Land_TableDesk_F"],
    [[-7.64258,6.50293,-2.78708],-0.363419,"Land_TableDesk_F"],
    [[-0.291016,-1.07422,-2.78708],180.026,"Land_TableDesk_F"],
    [[-2.21289,-1.03906,-2.78708],180.624,"Land_TableDesk_F"],
    [[-11.5566,-5.41602,-2.78708],0.84462,"Land_TableDesk_F"],
    [[15.166,5.98145,-2.78708],93.4783,"Land_LuggageHeap_05_F"],
    [[16.8438,10.7119,-1.95789],-45.6437,"Land_MultiMeter_F"],
    [[-9.57031,-5.60449,-2.78708],182,"Land_OfficeCabinet_01_F"],
    [[-8.72461,-5.63477,-2.78708],182,"Land_OfficeCabinet_01_F"],
    [[1.08008,6.37012,-2.78708],181.899,"OfficeTable_01_new_F"],
    [[3.5918,6.53418,-2.78696],179.502,"OfficeTable_01_new_F"],
    [[-9.49414,-4.62402,-2.78676],-89.6982,"OfficeTable_01_new_F"],
    [[7.66211,-3.57031,-2.78708],0.00961304,"Land_PalletTrolley_01_yellow_F"],
    [[3.13477,6.33398,-1.96434],181.58,"Land_PCSet_01_case_F"],
    [[0.722656,6.24023,-1.96434],181.58,"Land_PCSet_01_case_F"],
    [[3.19531,6.72754,-1.96434],179.197,"Land_PCSet_01_mouse_F"],
    [[0.783203,6.63184,-1.96434],179.197,"Land_PCSet_01_mouse_F"],
    [[3.69727,6.56738,-1.94217],180.157,"Land_PCSet_01_screen_F"],
    [[1.18555,6.45117,-1.96458],180.157,"Land_PCSet_01_screen_F"],
    [[-11.5352,-5.7373,-1.96433],-55.0489,"Land_PensAndPencils_F"],
    [[-11.6504,-5.49805,-1.96329],-150.383,"Land_Photos_V3_F"],
    [[-11.9941,-5.32422,-1.96433],-135.432,"Land_Photos_V4_F"],
    [[-11.168,-5.34375,-1.96434],127.379,"Land_Photos_V6_F"],
    [[16.8379,10.1895,-1.9703],91.7819,"Land_Pliers_F"],
    [[-14.7852,10.9609,-2.78708],0.702881,"Fridge_01_closed_F"],
    [[-14.1172,10.9258,-2.78708],0.573547,"Fridge_01_closed_F"],
    [[16.6094,10.3838,-1.97031],92.0004,"Land_Rope_01_F"],
    [[-16.7598,5.43262,-2.78708],-0.0807037,"Land_PortableGenerator_01_F"],
    [[10.0625,-3.55762,-2.78708],-156.498,"Land_Sack_F"],
    [[9.33008,-3.49902,-2.78708],-156.498,"Land_Sack_F"],
    [[16.6973,9.17285,-1.97031],89.303,"Land_Saw_F"],
    [[7.4668,-5.70605,-2.78708],0.77771,"Land_Sleeping_bag_folded_F"],
    [[7.98633,-5.69434,-2.78708],0.77771,"Land_Sleeping_bag_folded_F"],
    [[7.49023,-5.30762,-2.78708],0.77771,"Land_Sleeping_bag_folded_F"],
    [[8.91992,-5.71387,-2.78708],0.77771,"Land_Sleeping_bag_folded_F"],
    [[8.45703,-5.69727,-2.78708],0.77771,"Land_Sleeping_bag_folded_F"],
    [[8.33203,10.4297,-2.78708],0.27594,"Land_WoodenCrate_01_stack_x5_F"],
    [[6.63867,10.4492,-2.78708],-1.54871,"Land_WoodenCrate_01_stack_x5_F"],
    [[9.92383,10.333,-2.78708],180.153,"Land_WoodenCrate_01_stack_x3_F"],
    [[16.6992,10.1338,-2.78712],88.5012,"Land_Workbench_01_F"],
    [[11.1641,10.1992,-2.78708],-0.0593109,"Land_WoodenCrate_01_F"],
    [[-16.9941,6.18262,-2.78708],-90.4371,"Land_WaterCooler_01_new_F"],
    [[7.78125,8.90723,-2.78708],-89.5892,"Land_WaterBottle_01_stack_F"],
    [[6.36523,8.92578,-2.78708],-89.5892,"Land_WaterBottle_01_stack_F"],
    [[-18.0254,10.8818,-3.02896],-156.498,"Land_TTowerSmall_1_F"],
    [[12.4883,11.1074,-2.78708],87.83,"Land_ToolTrolley_01_F"],
    [[16.666,8.2627,-2.78708],-0.685547,"Land_ToolTrolley_02_F"],
    [[9.85938,4.45215,-2.78708],-89.3246,"Land_Stretcher_01_folded_sand_F"],
    [[9.86914,5.01465,-2.78708],-89.3246,"Land_Stretcher_01_folded_sand_F"],
    [[9.87109,4.71484,-2.78708],-89.3246,"Land_Stretcher_01_folded_sand_F"],
    [[-12.2949,-5.32715,-1.96433],-121.467,"Land_Map_unfolded_Altis_F"],
    [[8.93164,-5.36328,-2.78708],0.77771,"Land_Sleeping_bag_folded_F"],
    [[8.4668,-5.33887,-2.78708],0.77771,"Land_Sleeping_bag_folded_F"],
    [[7.99023,-5.32031,-2.78708],0.77771,"Land_Sleeping_bag_folded_F"],
    [[16.8145,11.2188,-1.97042],-156.498,"Land_Hammer_F"]];
    _Intel    = 
    [[[-5.57813,7.12598,-2.78708],-0.927505,"Land_OfficeChair_01_F"],
    [[-7.60352,7.19629,-2.78708],-0.927505,"Land_OfficeChair_01_F"],
    [[3.75977,7.17871,-2.78708],-0.927505,"Land_OfficeChair_01_F"],
    [[-8.81836,-4.84668,-2.78395],89.6137,"Land_OfficeChair_01_F"],
    [[-0.302734,-1.75,-2.78708],179.462,"Land_OfficeChair_01_F"],
    [[-2.21484,-1.70996,-2.78708],181.141,"Land_OfficeChair_01_F"],
    [[-11.502,-4.72461,-2.78046],0.280533,"Land_OfficeChair_01_F"],
    [[1.17773,7.05273,-2.78708],-0.927505,"Land_OfficeChair_01_F"],
    [[-11.5352,-5.25781,-1.95568],181.059,"Land_Document_01_F"],
    [[-10.8809,-5.69629,-1.96533],92.8543,"Land_Notepad_F"],
    [[3.71875,6.7373,-1.96599],180.543,"Land_PCSet_01_keyboard_F"],
    [[1.20313,6.63477,-1.96589],180.542,"Land_PCSet_01_keyboard_F"],
    [[-16.0996,1.58301,-2.78708],61.7759,"Land_TripodScreen_01_dual_v2_F"],
    [[-15.6641,5,-2.78708],140.011,"Land_TripodScreen_01_dual_v2_F"],
    [[-16.4297,3.30273,-2.78708],92.3588,"Land_TripodScreen_01_large_F"],
    [[-11.8926,-5.63867,-1.96433],0.596039,"Land_SurvivalRadio_F"]];
	
	//"Land_i_House_Big_01_V1_F", Elim and StratBuild compatible.
	_GrdsExt  = 
    [[[-2.36914,-5.10645,-2.64849],269.15],
    [[-5.00488,-6.17383,-3.00669],-86.9223],
    [[-2.43164,-0.982422,-2.62143],270.678],
    [[-4.39453,-0.541016,-2.65961],92.3377],
    [[-3.30273,0.174805,-2.65662],176.642],
    [[-6.66602,-3.71387,-2.91162],-42.2483],
    [[-6.36035,-1.72656,-3.12428],215.368],
    [[-2.4668,-7.06836,-2.6546],269.15],
    [[6.1748,4.54883,-3.06577],89.4875]];

	_GrdsInt  = 
    [[[-2.34766,4.38184,0.856091],83.5087],
    [[1.69238,4.33105,-2.59451],89.6947],
    [[3.61816,4.29102,-2.49217],266.207],
    [[-3.12402,6.27246,-2.61717],174.573],
    [[-3.07227,3.91797,-2.62357],-1.48028],
    [[-0.298828,2.05469,-2.58165],271.429],
    [[1.9707,-2.00879,-2.65604],-62.9533],
    [[0.602539,-0.81543,-2.65421],109.975],
    [[-17.042,-190.63,-1.26263],19.8077],
    [[-0.540039,2.20996,0.84005],182.146],
    [[-2.02539,2.0293,0.854704],176.504],
    [[-3.73535,-2.14746,0.899265],-5.30975],
    [[-0.103516,-2.40527,0.864792],-5.30975],
    [[-0.798828,-3.63867,0.863823],183.078],
    [[-0.855469,-5.1748,0.879772],-9.60266],
    [[-2.2002,6.4707,0.833668],96.3457]];

	_Supplies = 
    [[[3.83496,-6.14746,0.841854],271.023],
    [[1.75586,-6.05273,0.853912],-86.9223],
    [[2.03809,-4.22656,0.84371],-86.9223],
    [[4.01367,-4.29199,0.848064],-86.9223]];	
    _Furn     = 
    [[[0.420898,4.31934,0.865622],220.335,"Land_CampingChair_V2_F"],
    [[1.57031,4.06445,0.858158],220.335,"Land_CampingChair_V2_F"],
    [[0.638672,5.93262,0.861378],-34.7226,"Land_CampingChair_V2_F"],
    [[1.3623,6.15723,0.87479],-35.2163,"Land_CampingChair_V2_F"]];

	_Props    = 
    [[[1.28516,5.15625,0.805622],0.109482,"Land_CampingTable_F"],
    [[-3.66602,-2.89453,0.854301],2.02671,"Land_NetFence_02_m_gate_v1_F"],
    [[-2.46875,-2.95898,0.851721],2.02671,"Land_NetFence_02_m_gate_v1_F"],
    [[-1.18848,-3.00098,0.856701],2.02671,"Land_NetFence_02_m_gate_v1_F"],
    [[-3.70801,1.44141,-2.56416],-86.9223,"Land_LuggageHeap_01_F"],
    [[-3.53906,2.2207,-2.56605],-86.9223,"Land_LuggageHeap_02_F"],
    [[-2.72266,-6.24902,0.862103],-0.121292,"B_HMG_01_high_F"],
    [[1.83008,-6.04004,-2.56938],177.853,"Land_Pallet_MilBoxes_F"],
    [[1.92578,0.00292969,-2.58109],49.8349,"Land_GarbageHeap_04_F"],
    [[-3.875,5.2666,-2.56103],270.097,"Land_PortableLight_double_F"],
    [[3.70703,-6.33984,-2.56103],180.297,"Land_PortableLight_double_F"],
    [[-0.167969,-6.6875,-2.56103],182.308,"Land_PortableLight_double_F"],
    [[3.9248,-2.15625,0.858967],89.3031,"Land_PortableLight_double_F"],
    [[-3.64648,-0.166016,0.846601],-86.9223,"Land_PortableLight_double_F"],
    [[-3.54785,6.38184,0.853725],-63.9783,"Land_PortableLight_double_F"],
    [[-3.75488,4.26465,0.853626],242.892,"Land_PortableLight_double_F"],
    [[-1.94043,-5.22266,0.849621],3.07772,"Land_BagFence_Corner_F"],
    [[-3.36523,-4.8916,0.842739],-0.0734329,"Land_BagFence_Short_F"],
    [[1.41895,1.4541,6.20296],93.0331,"Land_SatelliteAntenna_01_F"],
    [[2.75098,-7.09863,-2.97924],180.752,"Land_Shoot_House_Panels_F"],
    [[4.69531,-5.24609,-3.01803],91.2971,"Land_Shoot_House_Panels_F"],
    [[-4.36914,5.4082,-2.54765],269.711,"Land_Shoot_House_Panels_F"],
    [[-1.67188,-0.488281,-2.99496],270.754,"Land_Shoot_House_Panels_F"],
    [[-1.68848,-3.05957,-2.98105],269.712,"Land_Shoot_House_Panels_F"],
    [[-4.88574,2.19434,-3.02197],90.1337,"Land_Sign_WarningNoWeaponAltis_F"],
    [[-4.89355,-8.54004,-2.82045],88.204,"Land_Sign_WarningNoWeaponAltis_F"]];

	_Intel    = 
    [[[4.01465,6.43164,0.796085],90.7436,"Land_DataTerminal_01_F"],
    [[1.25195,5.17578,1.62304],268.72,"Land_Map_altis_F"],
    [[3.97363,3.70117,0.84156],130.413,"MapBoard_altis_F"]];

	_HVTpos   = 
	[[[3.02734,5.07031,0.80452],-84.1573]];